#
# Diagonal elements of H in set small
#
data
0
0
0
0
0
0
0
0
0
0
0
0
0
0
0
0.013704
0.004299
0.014245
0.001473
0.008387
0.004771
0.003282
0.003282
0.007019
0.005940
0.009227
0.004674
0.002725
0.004941
0.005775
0.002207
0.005586
0.004039
0.006443
0.003821
0.000862
0.000643
0.005352
0.001233
0.006597
0.005749
0.001600
0.006202
0.000629
0.013353
0.025716
0.025716
0.027476
0.000099
0.000099
0.011142
0.008257
0
0
0
0
0
0
0
0
0
0
0
0
0
0
0
0
0
0
0
0
0
0
0
0
0
0
0
0
0
0
0
0
0
0
0
0
0
0.003500
0.059229
0.013223
0.022727
0.019726
0.023370
0.012250
0.004121
0.016391
0.021051
0.010078
0.004017
0.028020
0.006028
0.040845
0.011336
0
0
0
0
0
0
0
0
0
0
0
0
0
0
0
0
0
0
0
0
0
0
0
0
0
0
0
0
0
0.013704
0.004299
0.014245
0.001473
0.008387
0.004771
0.003282
0.003282
0.007019
0.005940
0.009227
0.004674
0.002725
0.004941
0.005775
0.002207
0.005586
0.004039
0.006443
0.003821
0.000862
0.000643
0.005352
0.001233
0.006597
0.005749
0.001600
0.006202
0.000629
0.013353
0.025716
0.025716
0.027476
0.000099
0.000099
0.011142
0.008257
0
0
0
0
0
0
0
0
0
0
0
0
0
0
0
0.018453
0
0
0.018453
0
0
0
0
0
0
0
0
0
0
0
0
0
0
0
0
0
0
0.003500
0.059229
0.013223
0.022727
0.019726
0.023370
0.012250
0.004121
0.016391
0.021051
0.010078
0.004017
0.028020
0.006028
0.040845
0.011336
0
0
0
0
0
0
0
0
0
0
0
0
0
0
