#
# Diagonal elements of H in set vlarge
#
data
0.000733
0.000562
0.000562
0.000733
0.000733
0.000562
0.000562
0.000733
0.001076
0.002873
0.002873
0.001601
0.001601
0.001456
0.009326
0.005862
0.001456
0.003255
0.001139
0.000351
0.014495
0.004533
0.009322
0.005715
0.007893
0.007893
0.007380
0.019245
0.026239
0.029297
0.006225
0.031698
0.011934
0.005524
0.003050
0.004760
0.027995
0.006278
0.003486
0.000638
0.004984
0.005233
0.003881
0.005040
0.008580
0.009763
0.000515
0.000515
0.005214
0.005693
0.004939
0.004500
0.006466
0.040320
0.013441
0.002056
0.002314
0.003098
0.021872
0.003918
0.003244
0.002625
0.002766
0.007699
0.001022
0.014762
0.003514
0.001596
0.007724
0.006812
0.012468
0.016714
0.003170
0.011017
0.015925
0.000150
0.000360
0.001338
0.003501
0.001516
0.018448
0.000539
0.004236
0.001953
0.003396
0.005719
0.001558
0.013001
0.000799
0.049011
0.002342
0.002085
0.000472
0.027306
0.001630
0.008634
0.000073
0.014448
0.001792
0.001772
0.019460
0.000429
0.016433
0.013538
0.001940
0.014448
0.000305
0.001716
0.000911
0.012132
0.019420
0.000479
0.009250
0.004789
0.011993
0.015143
0.000072
0.016797
0.004192
0.000262
0.003867
0.010100
0.009989
0.005998
0.003265
0.004192
0.002513
0.003867
0.005679
0.005242
0.000371
0.002059
0.002513
0.012971
0.004714
0.002942
0.005054
0.015625
0.002952
0.005867
0.000262
0.000049
0.008168
0.019013
0.006512
0.003254
0.008027
0.007060
0.002059
0.002416
0.000049
0.013679
0.000109
0.009387
0.015200
0.021779
0.008322
0.003437
0.000281
0.003066
0.010391
0.001267
0.011709
0.014134
0.001017
0.004300
0.000951
0.008574
0.006020
0.002431
0.005191
0.004608
0.004608
0.000891
0.004300
0.002431
0.004198
0.001370
0.002141
0.000330
0.008114
0.002010
0.004320
0.002598
0.003093
0.003187
0.002598
0.004703
0.000185
0.003762
0.005599
0.006201
0.004703
0.001623
0.002188
0.005263
0.008606
0.002481
0.006002
0.002330
0.015154
0.005599
0.009978
0.004487
0.003318
0.000545
0.001389
0.002330
0.001693
0.003280
0.001646
0.002542
0.002792
0.009392
0.001727
0.001565
0.013431
0.009392
0.007271
0.002953
0.004088
0.004088
0.001646
0.002569
0.001682
0.003179
0.014158
0.009978
0.001687
0.001553
0.011985
0.002362
0.002953
0.002291
0.016548
0.001801
0.001063
0.005356
0.006004
0.001249
0.002310
0.006686
0.001820
0.016548
0.002575
0.009246
0.001940
0.014158
0.011862
0.014518
0.000022
0.009185
0.012762
0.007216
0.006259
0.005938
0.010086
0.014518
0.007740
0.003596
0.018699
0.000919
0.005730
0.003540
0.007216
0.001687
0.002836
0.001675
0.010684
0.012762
0.004680
0.004680
0.013733
0.006004
0.000618
0.001104
0.001093
0.002735
0.002046
0.008548
0.003384
0.000335
0.001812
0.021588
0.020269
0.011266
0.000086
0.002836
0.023151
0.004301
0.001734
0.002650
0.007538
0.000466
0.000944
0.001824
0.010684
0.000773
0.004123
0.003540
0.020269
0.000374
0.000619
0.000466
0.004576
0.004260
0.003810
0.005953
0.000513
0.013733
0.005159
0.021574
0.012830
0.000019
0.001373
0.006340
0.005403
0.007017
0.000257
0.014213
0.016894
0.000237
0.000840
0.003810
0.015583
0.008779
0.001041
0.003007
0.000458
0.003776
0.000582
0.006233
0.000497
0.004755
0.000510
0.007441
0.011128
0.000268
0.000707
0.005712
0.006574
0.014978
0.000400
0.000375
0.000193
0.001323
0.000371
0.000501
0.000390
0.001040
0.001040
0.004821
0.001379
0.000591
0.000375
0.000561
0.021885
0.000243
0.000813
0.000390
0.015800
0.000927
0.000904
0.000544
0.004345
0.000257
0.011521
0.001221
0.000927
0.002484
0.000696
0.000638
0.000192
0.002825
0.004642
0.000305
0.000128
0.000561
0.025359
0.000343
0.000618
0.001106
0.002778
0.002778
0.000267
0.003046
0.003688
0.001041
0.002930
0.001679
0.000813
0.000128
0.000540
0.003267
0.010412
0.004361
0.003098
0.002499
0.006948
0.000343
0.000638
0.002499
0.000697
0.007533
0.000208
0.019178
0.022771
0.011979
0.009914
0.000022
0.009119
0.003964
0.001041
0.018930
0.008897
0.008073
0.014115
0.001576
0.024515
0.005157
0.011374
0.006632
0.000661
0.014183
0.003631
0.009245
0.000436
0.021462
0.001327
0.003826
0.001762
0.008115
0.003825
0.014316
0.018498
0.010216
0.001341
0.006099
0.009146
0.022892
0.009880
0.000115
0.025469
0.005342
0.010670
0.020960
0.011473
0.002809
0.014316
0.020833
0.007504
0.021462
0.008434
0.000242
0.023968
0.003951
0.003631
0.017116
0.000313
0.000201
0.000305
0.000305
0.000314
0.018285
0.014385
0.015126
0.002846
0.000415
0.011303
0.005304
0.000246
0.009229
0.011584
0.000563
0.018285
0.001470
0.000099
0.004584
0.015846
0.003873
0.007658
0.003363
0.008077
0.003112
0.008849
0.005812
0.011425
0.003447
0.001435
0.006430
0.003363
0.004357
0.019178
0.000096
0.019014
0.001514
0.013279
0.016125
0.000939
0.026796
0.016001
0.004849
0.008611
0.007271
0.005506
0.004088
0.017411
0.027870
0.004026
0.017138
0.016880
0.000377
0.002549
0.000642
0.000270
0.006146
0.005965
0.009697
0.003355
0.002220
0.011143
0.017920
0.010060
0.010275
0.001480
0.010999
0.008849
0.002009
0.011959
0.014328
0.004490
0.009631
0.010999
0.002386
0.011894
0.013240
0.000476
0.000480
0.002063
0.000498
0.004560
0.002063
0.002063
0.039076
0.024591
0.002063
0.025722
0.006001
0.007126
0.002141
0.016243
0.000662
0.014662
0.017300
0.009322
0.030494
0.003842
0.000022
0.011305
0.001189
0.022090
0.010763
0.004848
0.003276
0.012926
0.014212
0.000077
0.000709
0.025704
0.000022
0.011596
0.033423
0.010939
0.016216
0.002255
0.020711
0.001845
0.002059
0.015542
0.003145
0.032213
0.002688
0.039076
0.002017
0.019086
0.001841
0.003229
0.040177
0.017609
0.004201
0.003089
0.029750
0.023679
0.025229
0.013441
0.000050
0.012946
0.000404
0.007205
0.029531
0.018035
0.014857
0.003273
0.009990
0.004585
0.007677
0.012078
0.012098
0.007655
0.000050
0.016873
0.019562
0.012634
0.025229
0.009004
0.029874
0.007705
0.000495
0.006250
0.009342
0.007705
0.004550
0.009004
0.004550
0.019842
0.000591
0.000103
0.005470
0.011772
0.015309
0.005615
0.010956
0.001539
0.001378
0.009342
0.024001
0.002808
0.000683
0.005150
0.006877
0.001420
0.001612
0.001033
0.002452
0.003455
0.000868
0.002451
0.001027
0.007525
0.000981
0.004402
0.000026
0.005756
0.001769
0.001335
0.012037
0.002508
0.003579
0.012132
0.000387
0.007225
0.001762
0.002965
0.000135
0.000821
0.004485
0.000457
0.019093
0.000101
0.015999
0.004485
0.000481
0.000287
0.000991
0.000698
0.000026
0.000153
0.000147
0.004926
0.017295
0.000124
0.002040
0.003961
0.001396
0.003342
0.007964
0.001107
0.000245
0.000350
0.003451
0.000653
0.003753
0.005970
0.004527
0.007311
0.013008
0.004194
0.003741
0.002764
0.004362
0.001016
0.007122
0.004315
0.000737
0.002246
0.006787
0.002149
0.005676
0.003041
0.000063
0.003994
0.001641
0.001172
0.001641
0.001214
0.000166
0.004554
0.004271
0.004439
0.000092
0.002329
0.003015
0.000212
0.001712
0.002516
0.002246
0.002235
0.001104
0.000203
0.004188
0.000377
0.002337
0.002270
0.002267
0.004376
0.003509
0.001098
0.002970
0.005290
0.001363
0.000384
0.005484
0.004386
0.006852
0.002641
0.000026
0.000026
0.004288
0.000377
0.000875
0.016067
0.003372
0.000617
0.000026
0.000026
0.000285
0.001767
0.002020
0.002793
0.009200
0.000800
0.014330
0.001730
0.002676
0.001730
0.003221
0.002168
0.004398
0.003786
0.001504
0.003101
0.008191
0.006863
0.000431
0.000321
0.001910
0.003867
0.001465
0.003320
0.002078
0.000075
0.000094
0.001633
0.011836
0.000441
0.001534
0.000014
0.003298
0.012705
0.000143
0.010712
0.000932
0.005152
0.006086
0.003795
0.000022
0.005672
0.000932
0.003127
0.002181
0.002052
0.001500
0.000766
0.000028
0.000282
0.000766
0.000834
0.001539
0.001223
0.006338
0.000591
0.004734
0.000462
0.000027
0.000819
0.000312
0.002550
0.000333
0.009163
0.000395
0.002457
0.000163
0.001376
0.005478
0.000212
0.001942
0.002752
0.003028
0.003681
0.003786
0.002682
0.002705
0.003951
0.004189
0.000112
0.004654
0.000014
0.002238
0.000112
0.009243
0.012024
0.004472
0.001086
0.000893
0.001407
0.003307
0.001385
0.000186
0.000336
0.002116
0.003887
0.000937
0.001366
0.004956
0.004056
0.001005
0.003708
0.000249
0.001811
0.001157
0.000046
0.001796
0.001731
0.000576
0.002872
0.001776
0.000309
0.000884
0.004478
0.000346
0.001218
0.001544
0.000728
0.003636
0.001129
0.000192
0.000011
0.000122
0.001798
0.002491
0.000122
0.003760
0.000122
0.002876
0.002522
0.002679
0.003357
0.000124
0.000199
0.000122
0.004560
0.003556
0.001338
0.003692
